675677
676313
672421
673943
677015
676445
673879
671515
477528
674398
674417
359831
660533
673938
667146
676973
666907
676975
676977
676978
676979
673225
673182
660869
643326
675596
379991
672338
672504
672592
385168
672923
643558
665902
661182
661179
672253
608177
671842
667235
665735
418870
665894
671617
662011
597026
556423
668906
662067
665730
671525
671542
669075
665733
550075
673238
371654
668660
665921
667615
661218
660339
660336
672715
669203
665750
108134
672643
660979
610951
661245
624515
671520
671516
545755
661017
380472
661219
672640
615842
661127
569145
623034
660853
671005
665080
667230
671064
665078
659729
665861
665867
617838
665876
665879
667826
665818
667488
667219
674414
665872
671710
672212
674396
660851
